# Fichier d'export QGIS de palette de couleur
INTERPOLATION:DISCRETE
0,255,0,255,0,DEBIT
0.01,255,0,255,3,0.000000 - 0.010000
0.05,252,253,191,255,0.010000 - 0.050000
0.25,254,201,141,255,0.050000 - 0.250000
0.5,253,149,103,255,0.250000 - 0.500000
1,241,96,93,255,0.500000 - 1.000000
2,205,63,113,255,1.000000 - 2.000000
4,158,47,127,255,2.000000 - 4.000000
9,114,31,129,255,4.000000 - 9.000000
25,68,15,118,255,9.000000 - 25.000000
100,24,15,62,255,25.000000 - 100.000000
inf,0,0,4,255,> 100.000000
